0.000000 1.000000 2.000000 3.000000 4.000000 5.000000 6.000000 7.000000 8.000000 9.000000 10.000000 11.000000 12.000000 13.000000 14.000000 15.000000 
10.000000 11.000000 12.000000 13.000000 14.000000 15.000000 16.000000 17.000000 18.000000 19.000000 20.000000 21.000000 22.000000 23.000000 24.000000 25.000000 
20.000000 21.000000 22.000000 23.000000 24.000000 25.000000 26.000000 27.000000 28.000000 29.000000 30.000000 31.000000 32.000000 33.000000 34.000000 35.000000 
-0.279415 0.412118 -0.536573 0.650288 -0.750987 0.836656 -0.905578 0.956376 -0.988032 0.999912 -0.991779 0.963795 -0.916522 0.850904 44.000000 45.000000 
-0.991779 0.963795 -0.916522 0.850904 -0.768255 0.670229 -0.558789 0.436165 -0.304811 0.167356 -0.026551 -0.114785 0.253823 -0.387782 54.000000 55.000000 
-0.026551 -0.114785 0.253823 -0.387782 0.513978 -0.629888 0.733190 -0.821818 0.893997 -0.948282 0.983588 -0.999207 0.994827 -0.970535 64.000000 65.000000 
-0.999243 0.928640 -0.776209 0.590458 -0.412191 0.269106 -0.176567 0.141382 -0.165491 0.247604 -0.382063 0.555432 0.053084 0.088369 74.000000 75.000000 
-0.382063 0.555432 -0.742523 0.904798 -0.994433 0.965796 -0.792216 0.481239 -0.079569 -0.337589 0.689986 -0.918134 -0.978450 0.997797 84.000000 85.000000 
0.689986 -0.918134 0.999584 -0.949591 0.808749 -0.625786 0.443592 -0.292410 0.189673 -0.143475 0.156467 -0.227965 -0.354938 0.219455 94.000000 95.000000 
-0.726328 0.979952 -0.944665 0.722436 -0.505276 0.411542 -0.476328 0.676362 -0.911201 0.995443 0.158578 0.262012 0.868951 -0.930095 104.000000 105.000000 
-0.791968 0.414323 -0.157635 0.241786 -0.692497 0.991936 -0.236447 -0.848300 0.877984 -0.377589 -0.204783 0.147659 0.623012 -0.506392 114.000000 115.000000 
0.142357 -0.288653 0.655879 -0.953377 0.971333 -0.768971 0.538807 -0.417258 0.452351 -0.631816 -0.874699 0.611824 -0.676750 0.773872 124.000000 125.000000 
-0.302769 0.827301 -0.998490 0.944025 -0.989961 0.896811 -0.396765 0.154639 0.457992 0.707557 0.509617 -0.344126 -0.831791 0.745133 134.000000 135.000000 
-0.455474 0.663403 -0.874353 0.165026 -0.651334 -0.561909 0.486117 -0.905590 -0.576426 0.428631 0.955855 -0.998668 0.420140 -0.543996 144.000000 145.000000 
0.922287 -0.277761 0.225633 -0.741081 0.998959 -0.949542 0.977244 -0.947762 -0.494704 0.965178 -0.896295 0.731131 0.961406 -0.912958 154.000000 155.000000 
-0.145604 0.304600 -0.170866 0.436010 -0.928478 0.447455 0.980694 0.851543 0.999120 -0.858521 -0.602171 0.787161 -0.123543 0.262346 164.000000 165.000000 
